	数学	物理	化学	英语	语文	历史
数学	1.00	0.78	0.65	0.45	0.32	0.28
物理	0.78	1.00	0.72	0.55	0.41	0.35
化学	0.65	0.72	1.00	0.58	0.43	0.39
英语	0.45	0.55	0.58	1.00	0.67	0.62
语文	0.32	0.41	0.43	0.67	1.00	0.75
历史	0.28	0.35	0.39	0.62	0.75	1.00 
