	北京	上海	广州	深圳	杭州	成都
北京	0	12	25	45	78	102
上海	12	0	18	38	65	89
广州	25	18	0	22	48	72
深圳	45	38	22	0	28	55
杭州	78	65	48	28	0	32
成都	102	89	72	55	32	0 
